26
27
25
27
27
26
26
25
25
25
25
25
26
27
27
27
27
25
25
25
24
25
28
25
27
26
25
25
26
25
18
19
18
17
20
18
18
18
18
18
18
18
20
17
14
48
18
19
18
18
18
18
18
18
18
18
18
18
17
19
18
23
21
18
18
19
18
17
19
18
18
18
18
18
18
18
18
18
18
18
18
17
19
18
18
18
18
18
18
18
18
14
17
18
19
19
18
18
18
18
18
14
18
18
19
17
19
18
18
17
18
18
18
18
18
24
20
23
21
18
21
24
18
23
25
23
23
25
25
25
25
25
25
26
26
23
27
26
26
25
25
26
26
26
25
25
26
26
25
25
25
26
25
25
25
26
25
25
24
23
25
23
25
25
24
23
26
23
23
23
23
24
23
20
22
23
27
22
23
24
24
23
24
24
23
24
24
24
24
25
25
24
22
26
24
22
24
24
22
25
23
25
25
27
25
23
25
25
27
27
27
25
26
26
27
25
27
26
23
26
24
25
25
28
25
26
27
26
25
25
23
25
26
24
23
24
27
25
26
26
26
25
27
24
27
24
23
25
25
24
27
25
25
26
25
25
25
25
25
25
24
25
24
23
23
25
25
25
24
24
24
25
25
23
24
25
25
23
23
23
24
24
24
23
25
24
25
25
15
13
21
20
20
19
18
18
18
19
16
18
19
18
20
17
20
17
20
21
22
21
25
25
26
24
23
26
25
27
25
25
24
26
23
25
23
24
25
23
24
25
22
23
25
26
25
23
25
26
25
24
26
26
26
26
26
25
25
26
26
23
25
25
23
26
23
26
23
25
23
24
25
25
25
28
25
27
25
22
26
26
25
26
25
23
25
25
23
25
26
23
25
27
24
23
27
25
24
25
25
26
26
18
18
18
18
18
18
18
18
18
18
18
18
23
25
24
23
19
20
23
20
22
26
24
25
24
24
25
23
26
23
23
25
25
25
23
24
25
25
23
24
23
23
23
25
24
25
24
23
25
24
24
23
25
23
24
25
25
25
24
23
23
19
18
18
18
18
19
17
20
13
19
18
18
14
18
18
18
17
19
20
16
19
17
20
18
17
18
20
18
17
18
18
29
11
14
18
18
19
17
19
18
18
17
18
20
18
18
18
18
17
14
18
19
18
18
18
18
18
18
17
19
19
18
18
18
19
18
18
18
18
14
18
18
18
14
17
19
18
18
18
14
17
20
18
18
17
17
20
18
18
19
17
19
18
18
19
18
17
19
18
18
18
18
18
18
18
18
19
21
22
22
25
21
22
24
24
21
24
21
23
24
24
23
25
24
22
25
25
25
23
26
23
25
25
23
25
24
25
25
24
25
25
25
23
24
25
24
23
25
24
23
24
23
23
24
23
22
27
23
21
21
19
18
20
19
19
19
20
20
20
19
20
21
21
20
20
21
20
21
21
21
23
26
21
27
25
23
24
26
25
25
26
26
26
25
25
23
25
26
25
26
25
25
25
25
24
26
25
25
24
25
24
24
25
25
25
25
27
17
24
23
26
25
25
26
25
25
24
27
25
26
21
18
11
23
20
19
22
21
19
23
20
19
18
18
19
18
18
18
18
14
18
11
18
18
19
18
17
19
18
18
18
18
13
19
18
18
18
18
16
21
18
16
20
14
17
14
18
18
16
21
17
14
16
19
15
16
14
14
17
19
20
19
18
18
18
18
18
18
17
14
18
14
17
18
19
19
17
14
17
19
18
18
19
18
17
19
18
18
14
16
15
16
18
15
18
19
18
18
18
18
16
21
18
18
18
18
18
18
18
18
18
18
19
18
18
18
18
17
20
18
18
16
21
14
16
20
19
18
17
18
18
17
20
18
18
17
19
18
18
17
20
16
20
18
18
18
14
18
14
18
19
17
18
14
16
15
18
13
17
17
17
15
16
18
15
13
16
20
19
17
18
18
19
17
18
19
18
18
19
18
18
18
18
17
19
18
17
18
18
18
19
18
18
18
18
19
18
18
14
23
24
24
24
25
25
25
25
25
26
26
25
24
25
22
25
21
23
25
23
21
19
21
23
18
18
18
19
18
18
18
18
21
25
24
26
25
25
22
25
25
22
24
22
21
24
22
22
22
25
23
22
24
24
23
25
23
23
25
23
23
23
26
23
22
24
23
23
23
25
14
12
12
14
23
25
23
22
27
22
20
19
22
25
25
24
23
26
23
23
21
21
20
20
21
20
20
20
20
20
20
20
20
22
20
20
20
21
20
20
22
21
22
25
24
25
23
25
24
