33
32
33
33
32
33
32
33
33
33
32
33
32
34
32
33
32
33
31
29
35
30
33
31
33
29
37
28
32
30
30
32
29
30
29
29
30
28
28
28
30
28
27
27
25
27
27
27
25
27
29
26
27
26
26
28
27
25
26
26
25
26
25
27
27
26
27
25
25
25
23
25
23
25
26
24
27
25
26
25
25
22
23
24
23
22
24
24
30
32
29
25
26
23
27
24
26
24
25
25
25
25
25
25
25
25
24
23
25
25
26
25
27
26
27
27
26
25
25
29
27
26
27
26
26
28
29
25
27
25
32
26
27
27
31
27
27
28
28
26
27
27
31
28
26
29
27
27
26
26
26
24
28
25
27
17
43
24
24
25
27
25
23
14
23
20
33
18
11
56
16
27
11
23
27
12
16
14
20
26
31
29
28
43
31
28
25
22
28
30
56
26
27
26
29
27
27
27
29
22
37
24
35
25
29
26
30
28
27
27
29
27
27
29
29
28
27
30
29
28
28
30
27
27
30
28
30
30
31
27
34
28
27
29
27
27
27
27
29
27
27
27
23
30
27
28
27
29
29
27
28
31
27
29
30
28
28
28
29
27
27
29
27
25
29
26
30
27
27
27
26
29
27
27
26
29
26
28
27
27
28
28
29
30
29
25
24
25
25
25
24
25
25
25
25
25
27
26
27
25
25
25
25
25
25
25
24
24
25
24
25
25
26
26
28
27
24
23
24
24
24
24
25
25
25
25
27
25
22
32
16
35
41
20
37
27
26
27
25
25
25
25
24
25
26
24
25
24
27
29
27
26
25
27
25
27
27
27
25
25
25
26
25
25
25
24
25
25
26
25
27
26
25
25
25
26
23
27
25
27
24
26
26
25
25
27
25
27
27
29
23
24
19
20
20
20
20
20
19
19
20
19
19
20
19
20
19
20
20
20
20
21
21
21
21
25
25
28
27
29
27
27
27
28
27
26
26
26
26
25
29
27
25
27
23
24
37
28
26
27
28
27
27
26
25
30
28
27
27
29
29
27
26
28
27
27
27
27
29
28
26
27
26
30
27
26
27
27
28
27
27
27
29
28
27
27
28
27
27
27
28
29
28
27
27
28
27
27
25
25
29
27
25
25
24
27
24
26
25
25
28
25
26
25
25
25
25
25
25
25
25
25
25
25
25
28
26
25
25
25
25
27
25
27
26
26
26
26
25
26
29
27
26
27
24
25
23
25
24
25
25
25
25
25
25
27
27
26
27
25
25
25
27
25
25
25
25
26
25
25
25
25
25
25
25
25
27
14
23
35
35
30
25
25
24
26
25
25
25
23
25
23
23
24
24
25
24
24
25
23
25
25
25
24
25
25
25
25
25
25
25
26
28
27
25
27
25
26
30
28
27
28
28
27
26
26
27
28
27
27
25
25
26
24
26
28
27
27
26
26
26
28
26
26
27
25
25
26
25
25
25
27
24
25
26
25
24
25
25
27
24
25
23
25
24
23
24
24
25
23
25
26
26
26
28
27
26
25
27
27
28
27
15
43
35
27
28
27
27
26
24
25
24
25
25
25
27
26
25
25
27
25
25
25
25
24
26
25
26
27
26
26
25
25
26
25
25
25
25
25
27
25
26
26
25
24
25
26
24
26
25
30
26
26
25
26
24
27
25
25
27
24
25
25
23
23
23
25
23
23
22
23
23
24
24
25
24
25
24
24
25
23
25
25
25
26
25
25
23
26
25
23
20
21
21
20
20
20
20
20
20
20
20
21
20
21
21
21
21
21
22
21
23
22
23
28
29
29
28
27
31
28
27
32
27
29
30
27
27
30
29
27
27
30
27
29
26
34
27
31
27
30
27
31
28
27
30
28
27
27
30
27
13
38
38
33
29
28
27
27
30
28
28
27
30
27
27
27
29
27
27
26
26
29
27
27
26
26
28
27
26
27
26
26
30
25
26
24
23
25
25
26
24
26
25
25
25
24
25
24
25
24
25
27
25
27
23
24
23
25
15
28
28
29
31
25
23
25
25
24
25
24
25
22
25
24
25
25
25
24
25
24
25
24
24
25
23
25
24
24
25
25
25
25
25
25
25
23
25
25
25
25
25
24
25
25
27
22
14
25
25
23
24
25
26
23
22
20
23
25
25
26
23
22
21
22
23
22
23
22
23
22
23
22
23
24
25
23
24
23
25
24
25
22
23
24
23
22
23
23
24
24
25
24
24
25
23
25
25
14
26
26
25
27
21
27
26
28
23
23
23
23
23
24
24
23
24
22
22
23
